1.79849791527
6.53509306908
6.53199696541
6.53613305092
6.5321700573
6.53356313705
6.53523492813
6.53621506691
6.53276205063
6.53997612
6.53698992729
6.5355360508
6.52291107178
6.53423881531
6.53078889847
6.53608298302
6.53705716133
6.52723288536
6.53475189209
6.51313996315
6.54022812843
6.5274078846
6.53811001778
6.53294086456
6.53218388557
6.52436804771
6.53570795059
6.53876590729
6.53274011612
6.53965902328
6.53286194801
6.5379691124
6.52936196327
6.5341398716
6.54014205933
6.5347430706
6.53665995598
6.53173398972
6.5371658802
6.53675699234
6.54024195671
6.53825116158
6.53468298912
6.52091097832
6.52946901321
6.53404402733
6.53304100037
6.53595709801
6.52887010574
6.53436899185
6.53539800644
6.53691482544
6.52967882156
6.5257499218
6.53024601936
6.53417491913
6.53129410744
6.53529381752
6.53503489494
6.52718997002
6.53967499733
6.53302288055
6.53147292137
6.53148198128
6.53657889366
6.51686096191
6.52915096283
6.51787805557
6.54012703896
6.54138302803
6.53083205223
6.52032613754
6.53350400925
6.53510499001
6.53740096092
6.52700591087
6.535779953
6.53889203072
6.53266000748
6.53103017807
6.53428411484
6.53611111641
6.52967405319
6.53661203384
6.52653503418
6.52947402
6.54219889641
6.53508281708
6.537348032
6.53300499916
6.53316712379
6.53993797302
6.53376102448
6.53328299522
6.52948522568
6.53488302231
6.53067016602
6.53690695763
6.53110909462
6.5318338871
