1510397394.12
1510397400.83
1510397407.38
1510397413.92
1510397420.46
1510397427.01
1510397433.54
1510397440.09
1510397446.63
1510397453.17
1510397459.72
1510397466.26
1510397472.81
1510397479.35
1510397485.89
1510397492.43
1510397498.97
1510397505.51
1510397512.06
1510397518.6
1510397525.14
1510397531.69
1510397538.23
1510397544.77
1510397551.31
1510397557.84
1510397564.38
1510397570.93
1510397577.47
1510397584.02
1510397590.56
1510397597.11
1510397603.66
1510397610.2
1510397616.74
1510397623.29
1510397629.83
1510397636.37
1510397642.93
1510397649.5
1510397656.06
1510397662.62
1510397669.16
1510397675.72
1510397682.27
1510397688.82
1510397695.36
1510397701.91
1510397708.45
1510397715.0
1510397721.54
1510397728.09
1510397734.63
1510397741.18
1510397747.73
1510397754.27
1510397760.82
1510397767.37
1510397773.94
1510397780.5
1510397787.05
1510397793.59
1510397800.14
1510397806.69
1510397813.25
1510397819.79
1510397826.35
1510397832.9
1510397839.46
1510397846.01
1510397852.57
1510397859.13
1510397865.67
1510397872.22
1510397878.78
1510397885.34
1510397891.88
1510397898.43
1510397904.99
1510397911.53
1510397918.08
1510397924.63
1510397931.17
1510397937.71
1510397944.25
1510397950.78
1510397957.32
1510397963.87
1510397970.41
1510397976.95
1510397983.49
1510397990.04
1510397996.58
1510398003.12
1510398009.66
1510398016.2
1510398022.74
1510398029.28
1510398035.82
1510398042.36
