2.57570981979
6.51769781113
6.53063797951
6.53189206123
6.53440904617
6.53459191322
6.53491806984
6.52732992172
6.52511310577
6.53088712692
6.53411912918
6.52906703949
6.52519583702
6.52152395248
6.52911901474
6.53134989738
6.5318980217
6.53329110146
6.53058981895
6.53204488754
6.53355789185
6.52773499489
6.53688383102
6.52857112885
6.52768802643
6.52744793892
6.53237605095
6.5393819809
6.53464078903
6.533411026
6.52763605118
6.54077100754
6.53336596489
6.51660299301
6.53310894966
6.53766107559
6.53570103645
6.53320193291
6.52843022346
6.51730179787
6.53741979599
6.51585292816
6.51717019081
6.51689386368
6.5249979496
6.53846287727
6.52311301231
6.5303800106
6.51234102249
6.53179502487
6.52894210815
6.5244410038
6.53082799911
6.5205180645
6.5286898613
6.51889181137
6.5117418766
6.53627896309
6.53146982193
6.52962803841
6.5303170681
6.53664517403
6.52553200722
6.51557183266
6.51947498322
6.51744008064
6.51956105232
6.52842593193
6.53095006943
6.52099704742
6.52049899101
6.51114201546
6.52537107468
6.53449106216
6.53339099884
6.50999903679
6.53485989571
6.53307294846
6.52789306641
6.53458213806
6.52901816368
6.51758909225
6.52888607979
6.52924203873
6.533618927
6.52675318718
6.53919911385
6.53058099747
6.53237891197
6.53036499023
6.52777004242
6.53950095177
6.50462698936
6.52160906792
6.5285949707
6.52776288986
6.52561593056
6.53806209564
6.5288939476
6.53108501434
