1.7796561718
6.51454401016
6.53098201752
6.52005815506
6.50426793098
6.52534508705
6.53612303734
6.53154993057
6.52737998962
6.51466608047
6.53272390366
6.52562904358
6.5341219902
6.5109128952
6.52666902542
6.5263941288
6.50803494453
6.52265119553
6.51514410973
6.53195214272
6.52288103104
6.52119493484
6.53199601173
6.53877711296
6.50299096107
6.53262805939
6.53136301041
6.53092908859
6.53588986397
6.53013515472
6.51380205154
6.53466796875
6.51542782784
6.53033304214
6.52269983292
6.53608798981
6.53364086151
6.5207631588
6.52563905716
6.52416014671
6.52101898193
6.52935385704
6.51585793495
6.50712108612
6.53044295311
6.51450300217
6.50806689262
6.52016711235
6.53668618202
6.52154994011
6.53050613403
6.50275802612
6.52395606041
6.49620103836
6.51682186127
6.52259397507
6.52201700211
6.52503299713
6.51339387894
6.51035380363
6.53729891777
6.53439712524
6.53119111061
6.52905082703
6.52613401413
6.52166700363
6.52298903465
6.52127099037
6.52506089211
6.52903819084
6.51942801476
6.52383899689
6.52437400818
6.50603795052
6.52635288239
6.51600003242
6.51951909065
6.52255511284
6.51248407364
6.53360390663
6.52786684036
6.53037500381
6.51612901688
6.51998496056
6.51740098
6.53425908089
6.53775596619
6.51654314995
6.53294897079
6.52622389793
6.5273630619
6.5335290432
6.51754403114
6.52840089798
6.52804803848
6.51649999619
6.52753186226
6.52886795998
6.51448488235
6.52354598045
