2.571352005
6.52880215645
6.51500916481
6.52479696274
6.53099608421
6.52986097336
6.52540493011
6.52604293823
6.5277929306
6.52827382088
6.5178360939
6.52776002884
6.5264070034
6.53475284576
6.51680612564
6.52383589745
6.52719902992
6.50566005707
6.50918912888
6.53578996658
6.5372209549
6.50644016266
6.5261452198
6.53050398827
6.52096390724
6.52558493614
6.51548504829
6.52448415756
6.5179169178
6.5311601162
6.53227114677
6.53108215332
6.52549791336
6.53017497063
6.51976108551
6.52069997787
6.52977108955
6.55518507957
6.56349205971
6.55028796196
6.55025815964
6.53725910187
6.55090308189
6.54038906097
6.54328989983
6.54183101654
6.5379550457
6.54078102112
6.54233884811
6.52627706528
6.52142500877
6.52635097504
6.54857611656
6.53695487976
6.53531312943
6.55117201805
6.5454659462
6.55365800858
6.55092000961
6.54845905304
6.54005503654
6.52989387512
6.55218696594
6.55405688286
6.53548002243
6.54375600815
6.54399299622
6.5498111248
6.55320906639
6.54759907722
6.54833006859
6.54130291939
6.54410791397
6.54918003082
6.54609107971
6.54024386406
6.54401898384
6.55157804489
6.53847002983
6.54158592224
6.54316592216
6.53082513809
6.53179693222
6.5255689621
6.5010099411
6.51217889786
6.52115297318
6.52649903297
6.53711605072
6.53423786163
6.53858590126
6.52575492859
6.53205299377
6.53409981728
6.50911283493
6.52936410904
6.51503586769
6.53614616394
6.53056097031
6.51976585388
