1510416289.18
1510416294.24
1510416298.74
1510416302.41
1510416307.3
1510416313.42
1510416319.88
1510416326.36
1510416332.84
1510416339.31
1510416345.78
1510416352.23
1510416358.68
1510416365.13
1510416371.56
1510416377.96
1510416384.36
1510416390.76
1510416397.14
1510416403.52
1510416409.9
1510416416.28
1510416422.63
1510416428.96
1510416435.29
1510416441.63
1510416448.03
1510416454.46
1510416460.89
1510416467.29
1510416473.67
1510416480.05
1510416486.44
1510416492.82
1510416499.19
1510416505.56
1510416511.92
1510416518.27
1510416524.62
1510416530.95
1510416537.28
1510416543.59
1510416549.9
1510416556.22
1510416562.54
1510416568.86
1510416575.19
1510416581.51
1510416587.87
1510416594.26
1510416600.68
1510416607.07
1510416613.46
1510416619.84
1510416626.22
1510416632.59
1510416638.94
1510416645.31
1510416651.67
1510416658.06
1510416664.41
1510416670.78
1510416677.14
1510416683.5
1510416689.86
1510416696.22
1510416702.58
1510416708.94
1510416715.3
1510416721.66
1510416728.02
1510416734.39
1510416740.75
1510416747.13
1510416753.49
1510416759.83
1510416766.18
1510416772.5
1510416778.83
1510416785.15
1510416791.47
1510416797.78
1510416804.1
1510416810.41
1510416816.79
1510416823.18
1510416829.57
1510416835.96
1510416842.36
1510416848.73
1510416855.12
1510416861.49
1510416867.86
1510416874.23
1510416880.61
1510416886.97
