1510416283.78
1510416285.65
1510416288.81
1510416293.3
1510416303.65
1510416310.12
1510416316.6
1510416323.08
1510416329.56
1510416336.03
1510416342.5
1510416348.96
1510416355.41
1510416361.85
1510416368.29
1510416374.69
1510416381.09
1510416387.49
1510416393.87
1510416400.22
1510416406.57
1510416412.91
1510416419.24
1510416425.6
1510416431.98
1510416438.37
1510416444.77
1510416451.11
1510416457.4
1510416463.69
1510416470.0
1510416476.32
1510416482.66
1510416488.99
1510416495.33
1510416501.67
1510416508.03
1510416514.38
1510416520.75
1510416527.12
1510416533.49
1510416539.88
1510416546.27
1510416552.66
1510416559.07
1510416565.46
1510416571.85
1510416578.24
1510416584.62
1510416591.04
1510416597.42
1510416603.77
1510416610.09
1510416616.42
1510416622.76
1510416629.1
1510416635.44
1510416641.8
1510416648.14
1510416654.51
1510416660.86
1510416667.21
1510416673.55
1510416679.89
1510416686.25
1510416692.59
1510416698.94
1510416705.28
1510416711.63
1510416717.97
1510416724.34
1510416730.68
1510416737.02
1510416743.38
1510416749.72
1510416756.08
1510416762.45
1510416768.81
1510416775.18
1510416781.56
1510416787.95
1510416794.35
1510416800.75
1510416807.14
1510416813.55
1510416819.95
1510416826.34
1510416832.73
1510416839.11
1510416845.49
1510416851.86
1510416858.22
1510416864.59
1510416870.96
1510416877.3
