1.85224580765
3.15909290314
4.48127198219
4.75418901443
6.46565794945
6.44662904739
6.46242523193
6.45164704323
6.46267294884
6.4452829361
6.43490290642
6.4193379879
6.43951702118
6.42849898338
6.3673119545
6.34479212761
6.3773431778
6.37444996834
6.34082984924
6.33607316017
6.33459997177
6.32714700699
6.35407400131
6.37576889992
6.37615013123
6.38822317123
6.33075499535
6.28707313538
6.28120303154
6.30791091919
6.31620812416
6.33030200005
6.33005714417
6.33000802994
6.34224891663
6.3482170105
6.35368084908
6.35942697525
6.3567340374
6.36726093292
6.38108301163
6.38511490822
6.38200807571
6.39379692078
6.38721394539
6.38411188126
6.38242411613
6.38156485558
6.41032004356
6.37596082687
6.34465098381
6.30862998962
6.32400989532
6.33098101616
6.33573698997
6.33782696724
6.35018277168
6.3337469101
6.3676609993
6.34105300903
6.34519100189
6.33413982391
6.33870196342
6.34708404541
6.34165906906
6.33947181702
6.33919095993
6.34622907639
6.33251810074
6.34951806068
6.33999300003
6.33232808113
6.34962797165
6.33816599846
6.34965991974
6.35936307907
6.35926914215
6.36403203011
6.37426710129
6.38082885742
6.39160108566
6.39021706581
6.38635706902
6.40066504478
6.39045190811
6.38201713562
6.3757109642
6.3743429184
6.36760783195
6.35855507851
6.36142206192
6.35521817207
6.35720896721
6.34064006805
6.32577395439
