5.0523121357
4.48871898651
3.6680829525
4.87806510925
6.1152908802
6.45198512077
6.47304201126
6.46996593475
6.4586789608
6.46492004395
6.445936203
6.43874883652
6.44030094147
6.4270761013
6.40076112747
6.39077401161
6.39302396774
6.37883901596
6.3743019104
6.36937785149
6.37143301964
6.34683513641
6.32513213158
6.32179307938
6.33881783485
6.40033102036
6.41741895676
6.42218899727
6.39428091049
6.38419699669
6.37545204163
6.3823261261
6.37236595154
6.36336302757
6.3549220562
6.35249304771
6.34234189987
6.33709216118
6.32668304443
6.31923985481
6.30646300316
6.30562710762
6.31475305557
6.31342720985
6.32164001465
6.31792593002
6.31826400757
6.34898304939
6.38341903687
6.40648603439
6.39032697678
6.37561297417
6.37579202652
6.37416982651
6.35373711586
6.35124015808
6.3541431427
6.36083197594
6.38163614273
6.34960699081
6.35522603989
6.3566660881
6.35464906693
6.3564760685
6.35435700417
6.35502696037
6.35151100159
6.35303497314
6.35370612144
6.35460495949
6.3615860939
6.35729694366
6.36060094833
6.35130190849
6.33289194107
6.33783078194
6.32444119453
6.31784296036
6.31440114975
6.31477713585
6.30846595764
6.30613207817
6.3039598465
6.37763500214
6.38572311401
6.3841278553
6.3837659359
6.38964009285
6.36713314056
6.37810301781
6.35690593719
6.36709094048
6.36209201813
6.36891102791
6.35276412964
5.54015517235
