3.76947808266
6.46341896057
6.47245812416
6.47488212585
6.47094392776
6.45745396614
6.46627116203
6.45250105858
6.43899917603
6.43719410896
6.43110179901
6.39564919472
6.3905441761
6.39549279213
6.36952400208
6.32253718376
6.32997202873
6.32803702354
6.33799386024
6.36533784866
6.37403512001
6.37949490547
6.37969899178
6.26513385773
6.28956484795
6.29611110687
6.3114259243
6.31785798073
6.33242201805
6.32823896408
6.33007788658
6.3496658802
6.34298396111
6.35199904442
6.36719679832
6.36368012428
6.36859416962
6.38657307625
6.39315795898
6.3930850029
6.38805294037
6.38497686386
6.37667107582
6.38865399361
6.37601494789
6.37316823006
6.30807304382
6.27659296989
6.31761002541
6.31031703949
6.33830094337
6.32439184189
6.33715987206
6.34441995621
6.34664297104
6.35896492004
6.35662198067
6.34205794334
6.35808396339
6.34311699867
6.35241007805
6.34349894524
6.35265803337
6.34325695038
6.35240888596
6.35403513908
6.34412002563
6.3538851738
6.35106182098
6.34335112572
6.34441781044
6.35858297348
6.36296319962
6.36741805077
6.36928009987
6.38617420197
6.39696407318
6.39534211159
6.38895082474
6.39067816734
6.38372206688
6.36334204674
6.30753803253
6.30974602699
6.30802512169
6.30494189262
6.34474897385
6.32270908356
6.33982300758
6.33167600632
6.34170508385
6.33809685707
6.35934185982
