1510416285.35
1510416288.55
1510416292.83
1510416297.59
1510416303.65
1510416310.14
1510416316.62
1510416323.12
1510416329.6
1510416336.08
1510416342.55
1510416349.02
1510416355.46
1510416361.91
1510416368.36
1510416374.77
1510416381.17
1510416387.58
1510416393.97
1510416400.35
1510416406.74
1510416413.12
1510416419.5
1510416425.86
1510416432.2
1510416438.54
1510416444.85
1510416451.26
1510416457.69
1510416464.11
1510416470.52
1510416476.92
1510416483.3
1510416489.69
1510416496.07
1510416502.44
1510416508.81
1510416515.17
1510416521.53
1510416527.89
1510416534.23
1510416540.56
1510416546.91
1510416553.23
1510416559.56
1510416565.89
1510416572.23
1510416578.57
1510416584.87
1510416591.16
1510416597.53
1510416603.93
1510416610.33
1510416616.73
1510416623.11
1510416629.51
1510416635.89
1510416642.27
1510416648.64
1510416655.05
1510416661.42
1510416667.8
1510416674.17
1510416680.55
1510416686.92
1510416693.29
1510416699.67
1510416706.05
1510416712.42
1510416718.81
1510416725.17
1510416731.53
1510416737.9
1510416744.27
1510416750.64
1510416757.0
1510416763.36
1510416769.72
1510416776.07
1510416782.4
1510416788.74
1510416795.07
1510416801.4
1510416807.73
1510416814.02
1510416820.32
1510416826.67
1510416833.01
1510416839.36
1510416845.71
1510416852.06
1510416858.42
1510416864.77
1510416871.13
1510416877.52
1510416883.9
