3.18685603142
4.27201485634
4.75684094429
3.85879898071
6.4747838974
6.46797394753
6.47774291039
6.47116303444
6.45621109009
6.45984506607
6.45480418205
6.43006014824
6.43021512032
6.43344211578
6.39265298843
6.38635015488
6.39170503616
6.37158203125
6.36960601807
6.37278795242
6.36805987358
6.36302089691
6.33957290649
6.33006715775
6.3211979866
6.28834199905
6.39916110039
6.41236901283
6.41073489189
6.38571691513
6.38363695145
6.3703918457
6.3715698719
6.36803102493
6.34617686272
6.35261297226
6.35371112823
6.33493900299
6.33602499962
6.32846617699
6.31619906425
6.32327795029
6.31143403053
6.30872893333
6.31357717514
6.32783699036
6.31606602669
6.29149603844
6.27206301689
6.34695911407
6.39054012299
6.38290095329
6.38705897331
6.36535596848
6.37125492096
6.3572871685
6.36528897285
6.35784506798
6.38940215111
6.35762786865
6.35371899605
6.35665893555
6.36953496933
6.35391807556
6.36387014389
6.35588598251
6.36200785637
6.35277104378
6.36591506004
6.34562182426
6.34565281868
6.35546302795
6.35779881477
6.34941792488
6.34917712212
6.34541606903
6.33868598938
6.33395409584
6.32225799561
6.31906199455
6.30763816833
6.31798195839
6.31774401665
6.27456903458
6.28499507904
6.33017206192
6.32943105698
6.33293700218
6.33016490936
6.33492803574
6.33934307098
6.33847689629
6.3489279747
6.36463594437
6.36393690109
6.29376292229
