1510416299.87
1510416303.65
1510416310.12
1510416316.6
1510416323.08
1510416329.56
1510416336.03
1510416342.5
1510416348.96
1510416355.41
1510416361.85
1510416368.29
1510416374.69
1510416381.09
1510416387.49
1510416393.86
1510416400.19
1510416406.53
1510416412.86
1510416419.21
1510416425.59
1510416431.97
1510416438.35
1510416444.74
1510416451.02
1510416457.31
1510416463.61
1510416469.93
1510416476.26
1510416482.6
1510416488.93
1510416495.27
1510416501.62
1510416507.97
1510416514.33
1510416520.71
1510416527.08
1510416533.45
1510416539.84
1510416546.24
1510416552.64
1510416559.04
1510416565.43
1510416571.81
1510416578.21
1510416584.6
1510416590.98
1510416597.29
1510416603.58
1510416609.9
1510416616.21
1510416622.56
1510416628.89
1510416635.23
1510416641.58
1510416647.93
1510416654.3
1510416660.66
1510416667.01
1510416673.37
1510416679.72
1510416686.09
1510416692.44
1510416698.8
1510416705.15
1510416711.51
1510416717.86
1510416724.22
1510416730.58
1510416736.93
1510416743.29
1510416749.64
1510416756.0
1510416762.37
1510416768.75
1510416775.13
1510416781.52
1510416787.93
1510416794.32
1510416800.72
1510416807.12
1510416813.51
1510416819.88
1510416826.2
1510416832.51
1510416838.83
1510416845.14
1510416851.49
1510416857.82
1510416864.17
1510416870.51
1510416876.86
1510416883.2
