1510396256.46
1510396266.53
1510396278.0
1510396289.35
1510396299.86
1510396308.33
1510396316.9
1510396325.42
1510396333.92
1510396342.48
1510396351.03
1510396359.53
1510396367.99
1510396377.27
1510396386.28
1510396395.11
1510396404.14
1510396412.99
1510396422.05
1510396431.1
1510396440.07
1510396449.17
1510396458.36
1510396467.34
1510396476.46
1510396485.71
1510396494.96
1510396504.15
1510396513.37
1510396522.58
1510396531.88
1510396541.13
1510396550.3
1510396559.53
1510396568.75
1510396578.05
1510396587.21
1510396596.42
1510396605.63
1510396614.86
1510396624.13
1510396633.36
1510396642.58
1510396651.8
1510396660.54
1510396669.02
1510396677.51
1510396685.94
1510396694.46
1510396703.75
1510396712.98
1510396722.25
