1510396258.45
1510396263.33
1510396268.17
1510396273.04
1510396277.89
1510396282.74
1510396287.61
1510396292.48
1510396297.36
1510396302.23
1510396307.1
1510396311.97
1510396316.84
1510396321.69
1510396326.57
1510396331.44
1510396336.3
1510396341.17
1510396346.0
1510396350.86
1510396355.73
1510396360.6
1510396365.47
1510396370.34
1510396375.22
1510396380.13
1510396385.05
1510396389.97
1510396394.91
1510396399.86
1510396404.81
1510396409.76
1510396414.7
1510396419.64
1510396424.56
1510396429.49
1510396434.41
1510396439.33
1510396444.24
1510396449.14
1510396454.04
1510396458.94
1510396463.83
1510396468.73
1510396473.62
1510396478.5
1510396483.38
1510396488.25
1510396493.11
1510396497.97
1510396502.84
1510396507.71
1510396512.56
1510396517.43
