1510396256.11
1510396262.57
1510396270.35
1510396278.06
1510396285.83
1510396293.6
1510396302.44
1510396312.46
1510396322.37
1510396332.4
1510396342.44
1510396352.43
1510396362.52
1510396372.04
1510396381.03
1510396390.03
1510396399.06
1510396407.87
1510396416.9
1510396425.7
1510396434.59
1510396443.69
1510396452.63
1510396461.65
1510396470.88
1510396479.95
1510396489.03
1510396498.16
1510396507.43
1510396516.56
1510396525.68
1510396534.76
1510396544.02
1510396553.21
1510396562.36
1510396571.53
1510396580.66
1510396589.94
1510396599.09
1510396608.23
1510396617.35
1510396626.57
1510396635.75
1510396644.87
1510396654.01
1510396664.01
1510396674.13
1510396684.27
1510396694.42
1510396703.58
1510396712.7
1510396721.81
1510396730.96
1510396782.66
