6.45798206329
7.76594495773
7.71058797836
7.75497317314
7.766258955
8.83161091805
10.0022079945
9.89667987823
10.0225970745
10.03241992
9.98197603226
10.0721149445
9.50770902634
8.97765898705
8.98945498466
9.02051782608
8.80060005188
9.01087903976
8.79334497452
8.87674713135
9.08368897438
8.92846798897
9.01074099541
9.21924090385
9.0569460392
9.06197500229
9.11752486229
9.26135396957
9.121737957
9.11236190796
9.06497097015
9.24685406685
9.18373608589
9.13251399994
9.15241098404
9.12165307999
9.26133918762
9.14055609703
9.12561702728
9.11418509483
9.20445513725
9.16749882698
9.11452913284
9.12327194214
9.98802900314
10.1177799702
10.1223471165
10.1431047916
9.15652894974
9.10877799988
9.09985494614
9.13032388687
7.79917383194
9.08192110062
