1510396252.23
1510396253.99
1510396255.74
1510396258.8
1510396263.67
1510396268.5
1510396273.36
1510396278.2
1510396283.06
1510396287.92
1510396292.77
1510396297.62
1510396302.46
1510396307.31
1510396312.16
1510396317.02
1510396321.87
1510396326.73
1510396331.58
1510396336.43
1510396341.28
1510396346.11
1510396350.97
1510396355.83
1510396360.67
1510396365.54
1510396370.42
1510396375.28
1510396380.17
1510396385.08
1510396390.0
1510396394.93
1510396399.86
1510396404.81
1510396409.75
1510396414.69
1510396419.62
1510396424.54
1510396429.46
1510396434.38
1510396439.29
1510396444.2
1510396449.09
1510396453.98
1510396458.88
1510396463.78
1510396468.66
1510396473.54
1510396478.42
1510396483.29
1510396488.14
1510396493.0
1510396497.86
1510396502.71
1510396507.57
1510396512.43
1510396517.29
1510396522.14
1510396527.01
1510396531.86
1510396536.73
1510396541.59
1510396546.44
1510396551.29
1510396556.14
1510396561.0
1510396565.86
1510396570.7
1510396575.56
1510396580.42
1510396585.28
1510396590.13
1510396594.97
1510396599.82
1510396604.67
1510396609.52
1510396614.38
1510396619.24
1510396624.1
1510396628.96
1510396633.82
1510396638.68
1510396643.53
1510396648.38
1510396653.23
1510396658.09
1510396662.94
1510396667.8
1510396672.64
1510396677.49
1510396682.33
1510396687.18
1510396692.04
1510396696.89
1510396701.74
1510396706.6
1510396711.45
1510396716.29
1510396721.14
1510396725.99
