10.0578899384
11.4718179703
11.3377108574
10.4966919422
8.45559000969
8.56005191803
8.50646018982
8.48979401588
8.54747915268
8.53307104111
8.49394798279
8.44624710083
9.2632689476
8.99514102936
8.82372307777
9.01767587662
8.83170890808
9.0463180542
9.03916811943
8.95864200592
9.08453893661
9.17896008492
8.9622399807
9.10822296143
9.24566602707
9.22753715515
9.1897881031
9.20315408707
9.20053100586
9.28779602051
9.24474692345
9.15616297722
9.22416782379
9.20522713661
9.28914904594
9.1479139328
9.197453022
9.19110798836
9.2187731266
9.25456380844
9.2148900032
9.20838308334
9.21485590935
8.72100114822
8.4773080349
8.48334813118
8.41591691971
8.51265215874
9.28695511818
9.21782398224
9.24817705154
9.23760604858
