4.87066817284
4.8352060318
4.85993504524
4.85500001907
4.84066581726
4.86627411842
4.86713504791
4.86609578133
4.86663007736
4.86747694016
4.86321592331
4.86421489716
4.85284090042
4.86995911598
4.85989904404
4.86372804642
4.86222100258
4.82816505432
4.85841703415
4.85929918289
4.86244511604
4.86703109741
4.8682911396
4.87703108788
4.90641784668
4.91551303864
4.91514492035
4.92867088318
4.94099187851
4.94370007515
4.9524769783
4.93902397156
4.92695093155
4.92757487297
4.91925001144
4.91830205917
4.91399812698
4.9105861187
4.89628505707
4.89301514626
4.89089393616
4.88900089264
4.89554095268
4.88768005371
4.87430810928
4.87154793739
4.87083101273
4.85550904274
4.85593700409
4.86643505096
4.8587641716
4.85766601562
4.86403012276
4.85809898376
