1.75927519798
1.74773907661
3.05900812149
4.85812592506
4.83150601387
4.85145497322
4.8335878849
4.86090803146
4.85113406181
4.84227013588
4.84491300583
4.8402659893
4.8469748497
4.84771895409
4.85250306129
4.8529779911
4.84814214706
4.85310602188
4.84569311142
4.84617495537
4.82782506943
4.8479590416
4.85515189171
4.84399414062
4.86673402786
4.86957907677
4.8596599102
4.88248491287
4.9072239399
4.91414690018
4.91780805588
4.9329559803
4.93894386292
4.94169998169
4.93387389183
4.92701482773
4.91692709923
4.91170406342
4.91639399529
4.90983200073
4.89715600014
4.88952183723
4.89099597931
4.89400792122
4.89057803154
4.87991881371
4.88149523735
4.86882686615
4.86812710762
4.85097312927
4.85411906242
4.85017299652
4.84563398361
4.85326004028
4.85470104218
4.85483503342
4.85446095467
4.85888600349
4.84490609169
4.86416816711
4.84915208817
4.84862804413
4.8480360508
4.84808897972
4.85686802864
4.85207891464
4.84100604057
4.85005307198
4.85363006592
4.8551030159
4.84432983398
4.84479904175
4.84404492378
4.84502506256
4.85027813911
4.85141801834
4.849848032
4.85841703415
4.85658597946
4.85211801529
4.85969686508
4.84640097618
4.85224699974
4.84882807732
4.85291004181
4.84716105461
4.85313796997
4.83686900139
4.8483247757
4.84431099892
4.84781694412
4.85063195229
4.84841394424
4.8517768383
4.84753584862
4.84348082542
4.84315514565
4.84504079819
4.84817504883
4.85572385788
